0.000000000000000000e+00 0.000000000000000000e+00
1.001001001001001062e-01 9.943410049617201762e-02
2.002002002002002123e-01 1.968848203604929847e-01
3.003003003003003046e-01 2.913987120874189651e-01
4.004004004004004247e-01 3.820611535326745578e-01
5.005005005005005447e-01 4.680050951824090699e-01
6.006006006006006093e-01 5.484192452096749992e-01
7.007007007007007848e-01 6.225556161769613128e-01
8.008008008008008494e-01 6.897363643768749109e-01
9.009009009009009139e-01 7.493598605545367386e-01
1.001001001001001089e+00 8.009059390412632817e-01
1.101101101101101154e+00 8.439402810615823647e-01
1.201201201201201219e+00 8.781178970629128777e-01
1.301301301301301283e+00 9.031856822650512484e-01
1.401401401401401570e+00 9.189840291389971272e-01
1.501501501501501634e+00 9.254474901049762892e-01
1.601601601601601699e+00 9.226044932914519991e-01
1.701701701701701763e+00 9.105761236253048230e-01
1.801801801801801828e+00 8.895739907353364950e-01
1.901901901901902114e+00 8.598972140569128841e-01
2.002002002002002179e+00 8.219285640390712189e-01
2.102102102102102243e+00 7.761298063956261206e-01
2.202202202202202308e+00 7.230363038331563130e-01
2.302302302302302373e+00 6.632509365618854957e-01
2.402402402402402437e+00 5.974374090879046584e-01
2.502502502502502502e+00 5.263130162418634406e-01
2.602602602602602566e+00 4.506409460730121386e-01
2.702702702702703075e+00 3.712222010894277724e-01
2.802802802802803139e+00 2.888872223251365279e-01
2.902902902902903204e+00 2.044873028411490490e-01
3.003003003003003268e+00 1.188858785076693930e-01
3.103103103103103333e+00 3.294978426530526666e-02
3.203203203203203397e+00 -5.245943647059733012e-02
3.303303303303303462e+00 -1.364940830022325358e-01
3.403403403403403527e+00 -2.183286251292905489e-01
3.503503503503503591e+00 -2.971677265755218733e-01
3.603603603603603656e+00 -3.722538869664779315e-01
3.703703703703703720e+00 -4.428746298402519987e-01
3.803803803803804229e+00 -5.083691694289224072e-01
3.903903903903904293e+00 -5.681344948236474179e-01
4.004004004004004358e+00 -6.216308165661488250e-01
4.104104104104104422e+00 -6.683863276238869444e-01
4.204204204204204487e+00 -7.080012380317287635e-01
4.304304304304304551e+00 -7.401510501420632826e-01
4.404404404404404616e+00 -7.645890493383203923e-01
4.504504504504504681e+00 -7.811479931521612130e-01
4.604604604604604745e+00 -7.897409898997483912e-01
4.704704704704704810e+00 -7.903615661349527866e-01
4.804804804804804874e+00 -7.830829303253137308e-01
4.904904904904904939e+00 -7.680564481098132168e-01
5.005005005005005003e+00 -7.455093522181766019e-01
5.105105105105105068e+00 -7.157417175446619817e-01
5.205205205205205132e+00 -6.791227389042135965e-01
5.305305305305305197e+00 -6.360863555889011423e-01
5.405405405405406150e+00 -5.871262729264061786e-01
5.505505505505506214e+00 -5.327904365642062157e-01
5.605605605605606279e+00 -4.736750201135015992e-01
5.705705705705706343e+00 -4.104179910429096578e-01
5.805805805805806408e+00 -3.436923232774823922e-01
5.905905905905906472e+00 -2.741989278050041001e-01
6.006006006006006537e+00 -2.026593746975006438e-01
6.106106106106106601e+00 -1.298084813077977628e-01
6.206206206206206666e+00 -5.638684199281091686e-02
6.306306306306306730e+00 1.686662545131159541e-02
6.406406406406406795e+00 8.922204237281321226e-02
6.506506506506506859e+00 1.599657682456661068e-01
6.606606606606606924e+00 2.284073657847079386e-01
6.706706706706706989e+00 2.938862649660298754e-01
6.806806806806807053e+00 3.557780624005834613e-01
6.906906906906907118e+00 4.135003967835431116e-01
7.007007007007007182e+00 4.665183459659321130e-01
7.107107107107107247e+00 5.143492965147532514e-01
7.207207207207207311e+00 5.565672423852919826e-01
7.307307307307307376e+00 5.928064754625219646e-01
7.407407407407407440e+00 6.227646371726565100e-01
7.507507507507508393e+00 6.462051070533852970e-01
7.607607607607608458e+00 6.629587110330240618e-01
7.707707707707708522e+00 6.729247391344191920e-01
7.807807807807808587e+00 6.760712693183729138e-01
7.907907907907908651e+00 6.724348011434007066e-01
8.008008008008008716e+00 6.621192097745971505e-01
8.108108108108108780e+00 6.452940375568877451e-01
8.208208208208208845e+00 6.221921468119675502e-01
8.308308308308308909e+00 5.931067636617802785e-01
8.408408408408408974e+00 5.583879484661379289e-01
8.508508508508509038e+00 5.184385338338040050e-01
8.608608608608609103e+00 4.737095760755397067e-01
8.708708708708709167e+00 4.246953703698215232e-01
8.808808808808809232e+00 3.719280837682744090e-01
8.908908908908909297e+00 3.159720634452322097e-01
9.009009009009009361e+00 2.574178802673033339e-01
9.109109109109109426e+00 1.968761698037059527e-01
9.209209209209209490e+00 1.349713343022947987e-01
9.309309309309309555e+00 7.233516991196817236e-02
9.409409409409409619e+00 9.600483538436840186e-03
9.509509509509509684e+00 -5.260523681743304453e-02
9.609609609609609748e+00 -1.136660355595451588e-01
9.709709709709709813e+00 -1.729835259399582770e-01
9.809809809809809877e+00 -2.299826909256351137e-01
9.909909909909909942e+00 -2.841173929039350066e-01
1.001001001001001001e+01 -3.348755401035693469e-01
1.011011011011011007e+01 -3.817838615551407133e-01
1.021021021021021014e+01 -4.244122468045828378e-01
1.031031031031031020e+01 -4.623776113755781458e-01
1.041041041041041026e+01 -4.953472541016734065e-01
1.051051051051051033e+01 -5.230416778607501760e-01
1.061061061061061039e+01 -5.452368508868337127e-01
1.071071071071071223e+01 -5.617658916483004861e-01
1.081081081081081230e+01 -5.725201662075865006e-01
1.091091091091091236e+01 -5.774497929552281361e-01
1.101101101101101243e+01 -5.765635555802473000e-01
1.111111111111111249e+01 -5.699282310400263230e-01
1.121121121121121256e+01 -5.576673450676221666e-01
1.131131131131131262e+01 -5.399593733465519740e-01
1.141141141141141269e+01 -5.170354118384066222e-01
1.151151151151151275e+01 -4.891763448160943439e-01
1.161161161161161282e+01 -4.567095438873476909e-01
1.171171171171171288e+01 -4.200051356454249651e-01
1.181181181181181294e+01 -3.794718795170186065e-01
1.191191191191191301e+01 -3.355527008561569047e-01
1.201201201201201307e+01 -2.887199273271110478e-01
1.211211211211211314e+01 -2.394702791039511891e-01
1.221221221221221320e+01 -1.883196653696666278e-01
1.231231231231231327e+01 -1.357978410094459465e-01
1.241241241241241333e+01 -8.244297825210257502e-02
1.251251251251251340e+01 -2.879620831765679692e-02
1.261261261261261346e+01 2.460381211975834481e-02
1.271271271271271353e+01 7.722625563822634043e-02
1.281281281281281359e+01 1.285533472534191035e-01
1.291291291291291365e+01 1.780854052310660851e-01
1.301301301301301372e+01 2.253456510023510440e-01
1.311311311311311378e+01 2.698847424472501921e-01
1.321321321321321385e+01 3.112849880289646487e-01
1.331331331331331391e+01 3.491642028732865888e-01
1.341341341341341398e+01 3.831791718500028865e-01
1.351351351351351404e+01 4.130286889861892186e-01
1.361361361361361411e+01 4.384561470777327830e-01
1.371371371371371417e+01 4.592516561177097945e-01
1.381381381381381424e+01 4.752536740787222658e-01
1.391391391391391430e+01 4.863501386202059851e-01
1.401401401401401436e+01 4.924790933896125433e-01
1.411411411411411443e+01 4.936288076967310090e-01
1.421421421421421449e+01 4.898373934120464623e-01
1.431431431431431456e+01 4.811919279227098167e-01
1.441441441441441462e+01 4.678270968245189509e-01
1.451451451451451469e+01 4.499233746882781992e-01
1.461461461461461475e+01 4.277047666693258310e-01
1.471471471471471482e+01 4.014361378879237052e-01
1.481481481481481488e+01 3.714201613567743032e-01
1.491491491491491495e+01 3.379939187348173224e-01
1.501501501501501679e+01 3.015251913121187455e-01
1.511511511511511685e+01 2.624084813516598946e-01
1.521521521521521692e+01 2.210608062069814028e-01
1.531531531531531698e+01 1.779173094813624456e-01
1.541541541541541704e+01 1.334267348804396291e-01
1.551551551551551711e+01 8.804680932671057891e-02
1.561561561561561717e+01 4.223958234670721623e-02
1.571571571571571724e+01 -3.533231289922348674e-03
1.581581581581581730e+01 -4.881485920057435784e-02
1.591591591591591737e+01 -9.315798376981913875e-02
1.601601601601601743e+01 -1.361291151648265640e-01
1.611611611611611750e+01 -1.773127827025797743e-01
1.621621621621621756e+01 -2.163155045205668592e-01
1.631631631631631763e+01 -2.527694981155194642e-01
1.641641641641641769e+01 -2.863360972754775413e-01
1.651651651651651775e+01 -3.167088442059642350e-01
1.661661661661661782e+01 -3.436162292055106593e-01
1.671671671671671788e+01 -3.668240540409010708e-01
1.681681681681681795e+01 -3.861373991680160378e-01
1.691691691691691801e+01 -4.014021790981383009e-01
1.701701701701701808e+01 -4.125062744789913527e-01
1.711711711711711814e+01 -4.193802338008143504e-01
1.721721721721721821e+01 -4.219975420063775684e-01
1.731731731731731827e+01 -4.203744576361058138e-01
1.741741741741741833e+01 -4.145694244321007638e-01
1.751751751751751840e+01 -4.046820675155639591e-01
1.761761761761761846e+01 -3.908517883000839355e-01
1.771771771771771853e+01 -3.732559761694589917e-01
1.781781781781781859e+01 -3.521078585963826613e-01
1.791791791791791866e+01 -3.276540147731696884e-01
1.801801801801801872e+01 -3.001715809363645349e-01
1.811811811811811879e+01 -2.699651783653115311e-01
1.821821821821821885e+01 -2.373635974957486738e-01
1.831831831831831892e+01 -2.027162736919966290e-01
1.841841841841841898e+01 -1.663895919479191077e-01
1.851851851851851904e+01 -1.287630591240415956e-01
1.861861861861861911e+01 -9.022538326654322427e-02
1.871871871871871917e+01 -5.117050008789932047e-02
1.881881881881881924e+01 -1.199358681742742835e-02
1.891891891891891930e+01 2.691289664435469672e-02
1.901901901901901937e+01 6.516310000406791425e-02
1.911911911911911943e+01 1.023815700788652111e-01
1.921921921921921950e+01 1.382068967441350826e-01
1.931931931931931956e+01 1.722951823247703407e-01
1.941941941941941963e+01 2.043233015410673703e-01
1.951951951951951969e+01 2.339919215395466767e-01
1.961961961961961975e+01 2.610282542384033122e-01
1.971971971971971982e+01 2.851885161671596225e-01
1.981981981981981988e+01 3.062600741484455824e-01
1.991991991991991995e+01 3.240632585228615525e-01
2.002002002002002001e+01 3.384528291202532624e-01
2.012012012012012008e+01 3.493190827959916089e-01
2.022022022022022014e+01 3.565885950417666539e-01
2.032032032032032021e+01 3.602245919093645665e-01
2.042042042042042027e+01 3.602269522152836134e-01
2.052052052052052034e+01 3.566318436866010022e-01
2.062062062062062040e+01 3.495110003277351884e-01
2.072072072072072046e+01 3.389706517982236655e-01
2.082082082082082053e+01 3.251501189593981045e-01
2.092092092092092059e+01 3.082200929406658796e-01
2.102102102102102066e+01 2.883806180638551764e-01
2.112112112112112072e+01 2.658588017189662533e-01
2.122122122122122079e+01 2.409062767814841299e-01
2.132132132132132085e+01 2.137964443778030410e-01
2.142142142142142447e+01 1.848215267219307789e-01
2.152152152152152453e+01 1.542894613473477783e-01
2.162162162162162460e+01 1.225206693298118432e-01
2.172172172172172466e+01 8.984473103067887323e-02
2.182182182182182473e+01 5.659700347987629138e-02
2.192192192192192479e+01 2.311521376067789124e-02
2.202202202202202486e+01 -1.026393734416577129e-02
2.212212212212212492e+01 -4.320812762909170129e-02
2.222222222222222499e+01 -7.539268862632263202e-02
2.232232232232232505e+01 -1.065037717107366749e-01
2.242242242242242511e+01 -1.362413746165636319e-01
2.252252252252252518e+01 -1.643221995315816975e-01
2.262262262262262524e+01 -1.904823159036491131e-01
2.272272272272272531e+01 -2.144796033122464418e-01
2.282282282282282537e+01 -2.360959521995982802e-01
2.292292292292292544e+01 -2.551392028952730318e-01
2.302302302302302550e+01 -2.714448061765991627e-01
2.312312312312312557e+01 -2.848771915550569189e-01
2.322322322322322563e+01 -2.953308325351776120e-01
2.332332332332332570e+01 -3.027310012258035421e-01
2.342342342342342576e+01 -3.070342078617782633e-01
2.352352352352352582e+01 -3.082283239850502898e-01
2.362362362362362589e+01 -3.063323912058065202e-01
2.372372372372372595e+01 -3.013961205851104497e-01
2.382382382382382602e+01 -2.934990907199463983e-01
2.392392392392392608e+01 -2.827496555400287881e-01
2.402402402402402615e+01 -2.692835756150732673e-01
2.412412412412412621e+01 -2.532623893949854099e-01
2.422422422422422628e+01 -2.348715432390391933e-01
2.432432432432432634e+01 -2.143183013111922830e-01
2.442442442442442641e+01 -1.918294584071434106e-01
2.452452452452452647e+01 -1.676488805170462393e-01
2.462462462462462653e+01 -1.420348994010812715e-01
2.472472472472472660e+01 -1.152575886512824110e-01
2.482482482482482666e+01 -8.759594962292474585e-02
2.492492492492492673e+01 -5.933503623618089501e-02
2.502502502502502679e+01 -3.076304797038062130e-02
2.512512512512512686e+01 -2.168420398804443358e-03
2.522522522522522692e+01 2.616305765580420953e-02
2.532532532532532699e+01 5.395107182031499971e-02
2.542542542542542705e+01 8.092352703500553524e-02
2.552552552552552712e+01 1.068191829952423177e-01
2.562562562562562718e+01 1.313901549417778869e-01
2.572572572572572724e+01 1.544042561663898083e-01
2.582582582582582731e+01 1.756471604157038013e-01
2.592592592592592737e+01 1.949243643919498226e-01
2.602602602602602744e+01 2.120629327429749134e-01
2.612612612612612750e+01 2.269130102814061745e-01
2.622622622622622757e+01 2.393490886494391290e-01
2.632632632632632763e+01 2.492710172253071177e-01
2.642642642642642770e+01 2.566047507232779301e-01
2.652652652652652776e+01 2.613028286437422687e-01
2.662662662662662783e+01 2.633445844561074223e-01
2.672672672672672789e+01 2.627360851173510259e-01
2.682682682682682795e+01 2.595098042161161356e-01
2.692692692692692802e+01 2.537240346596398299e-01
2.702702702702702808e+01 2.454620493629549316e-01
2.712712712712712815e+01 2.348310208321470194e-01
2.722722722722722821e+01 2.219607128328012491e-01
2.732732732732732828e+01 2.070019594794810236e-01
2.742742742742742834e+01 1.901249490522780305e-01
2.752752752752752841e+01 1.715173316242190049e-01
2.762762762762762847e+01 1.513821711527692793e-01
2.772772772772772854e+01 1.299357640362413246e-01
2.782782782782782860e+01 1.074053472503510298e-01
2.792792792792792866e+01 8.402672005265210409e-02
2.802802802802802873e+01 6.004180386682556742e-02
2.812812812812812879e+01 3.569616533103575629e-02
2.822822822822822886e+01 1.123652761358689967e-02
2.832832832832832892e+01 -1.309170503374673146e-02
2.842842842842842899e+01 -3.704688489524989026e-02
2.852852852852852905e+01 -6.039349661686550796e-02
2.862862862862862912e+01 -8.290444812689755361e-02
2.872872872872872918e+01 -1.043632546189499632e-01
2.882882882882882924e+01 -1.245660948516288252e-01
2.892892892892892931e+01 -1.433237205012836968e-01
2.902902902902902937e+01 -1.604632009634339718e-01
2.912912912912912944e+01 -1.758294878171762221e-01
2.922922922922922950e+01 -1.892867851250504552e-01
2.932932932932932957e+01 -2.007197138176115003e-01
2.942942942942942963e+01 -2.100342605853855737e-01
2.952952952952952970e+01 -2.171585039483229507e-01
2.962962962962962976e+01 -2.220431124711050863e-01
2.972972972972972983e+01 -2.246616124182699847e-01
2.982982982982982989e+01 -2.250104244725861791e-01
2.992992992992993351e+01 -2.231086714501307744e-01
3.003003003003003357e+01 -2.189977612132369134e-01
3.013013013013013364e+01 -2.127407511856402034e-01
3.023023023023023370e+01 -2.044215029914231430e-01
3.033033033033033377e+01 -1.941436377504283106e-01
3.043043043043043383e+01 -1.820293044486731571e-01
3.053053053053053389e+01 -1.682177755453552193e-01
3.063063063063063396e+01 -1.528638855623062343e-01
3.073073073073073402e+01 -1.361363298129978916e-01
3.083083083083083409e+01 -1.182158416540453894e-01
3.093093093093093415e+01 -9.929326767220900130e-02
3.103103103103103422e+01 -7.956756104581658162e-02
3.113113113113113428e+01 -5.924371393510865363e-02
3.123123123123123435e+01 -3.853065015718960817e-02
3.133133133133133441e+01 -1.763909958618231980e-02
3.143143143143143448e+01 3.220524311863221661e-03
3.153153153153153454e+01 2.384022264430298368e-02
3.163163163163163460e+01 4.401646424594667095e-02
3.173173173173173467e+01 6.355217376609163804e-02
3.183183183183183473e+01 8.225863548236968248e-02
3.193193193193193480e+01 9.995729466813167707e-02
3.203203203203203486e+01 1.164814395441951395e-01
3.213213213213213493e+01 1.316777482073505090e-01
3.223223223223223499e+01 1.454076864319003293e-01
3.233233233233233506e+01 1.575487438702504461e-01
3.243243243243243512e+01 1.679954979166614071e-01
3.253253253253253519e+01 1.766604963262576877e-01
3.263263263263263525e+01 1.834749515801357700e-01
3.273273273273273531e+01 1.883892419372432403e-01
3.283283283283283538e+01 1.913732160946341465e-01
3.293293293293293544e+01 1.924163003696539587e-01
3.303303303303303551e+01 1.915274093005642220e-01
3.313313313313313557e+01 1.887346625163712210e-01
3.323323323323323564e+01 1.840849126329415775e-01
3.333333333333333570e+01 1.776430907723144381e-01
3.343343343343343577e+01 1.694913780577389506e-01
3.353353353353353583e+01 1.597282130916861664e-01
3.363363363363363590e+01 1.484671469623856377e-01
3.373373373373373596e+01 1.358355587321151137e-01
3.383383383383383602e+01 1.219732456247704377e-01
3.393393393393393609e+01 1.070309032399641702e-01
3.403403403403403615e+01 9.116851206650346262e-02
3.413413413413413622e+01 7.455364734176943287e-02
3.423423423423423628e+01 5.735972989925055415e-02
3.433433433433433635e+01 3.976423606009222428e-02
3.443443443443443641e+01 2.194688485369885103e-02
3.453453453453453648e+01 4.087820896709345488e-03
3.463463463463463654e+01 -1.363418887953544642e-02
3.473473473473473661e+01 -3.104352678238993593e-02
3.483483483483483667e+01 -4.796944681628137475e-02
3.493493493493493673e+01 -6.424773133354161336e-02
3.503503503503503680e+01 -7.972226598881886062e-02
3.513513513513513686e+01 -9.424651808231998551e-02
3.523523523523523693e+01 -1.076849044905036912e-01
3.533533533533533699e+01 -1.199140366229543980e-01
3.543543543543543706e+01 -1.308238311973696222e-01
3.553553553553553712e+01 -1.403184770762483102e-01
3.563563563563563719e+01 -1.483172499434974034e-01
3.573573573573573725e+01 -1.547551682006277074e-01
3.583583583583583732e+01 -1.595834851138248356e-01
3.593593593593593738e+01 -1.627700139279704972e-01
3.603603603603603744e+01 -1.642992843644885681e-01
3.613613613613613751e+01 -1.641725306195644940e-01
3.623623623623623757e+01 -1.624075126608634789e-01
3.633633633633633764e+01 -1.590381742677471066e-01
3.643643643643643770e+01 -1.541141428560541815e-01
3.653653653653653777e+01 -1.477000776583367037e-01
3.663663663663663783e+01 -1.398748742794116151e-01
3.673673673673673790e+01 -1.307307350015320391e-01
3.683683683683683796e+01 -1.203721154608206612e-01
3.693693693693693803e+01 -1.089145594454458826e-01
3.703703703703703809e+01 -9.648343456627052339e-02
3.713713713713713815e+01 -8.321258241365236952e-02
3.723723723723723822e+01 -6.924289753247622747e-02
3.733733733733733828e+01 -5.472085011561170220e-02
3.743743743743743835e+01 -3.979696772964735202e-02
3.753753753753753841e+01 -2.462429164335236051e-02
3.763763763763763848e+01 -9.356823427867030224e-03
3.773773773773773854e+01 5.852022561289033607e-03
3.783783783783783861e+01 2.085094542451866248e-02
3.793793793793793867e+01 3.549224765072302168e-02
3.803803803803803874e+01 4.963327422440683145e-02
3.813813813813813880e+01 6.313778704174018153e-02
3.823823823823823886e+01 7.587726155415033813e-02
3.833833833833833893e+01 8.773209346499220851e-02
3.843843843843843899e+01 9.859270432436920140e-02
3.853853853853853906e+01 1.083605359879446089e-01
3.863863863863863912e+01 1.169489251153965070e-01
3.873873873873873919e+01 1.242838501700573861e-01
3.883883883883883925e+01 1.303045447296439507e-01
3.893893893893893932e+01 1.349639723147349479e-01
3.903903903903903938e+01 1.382291593723653789e-01
3.913913913913913944e+01 1.400813845021458837e-01
3.923923923923923951e+01 1.405162234670164489e-01
3.933933933933933957e+01 1.395434509755248409e-01
3.943943943943943964e+01 1.371868016430592696e-01
3.953953953953953970e+01 1.334835939218091405e-01
3.963963963963963977e+01 1.284842221199604395e-01
3.973973973973973983e+01 1.222515228969724282e-01
3.983983983983983990e+01 1.148600238117259004e-01
3.993993993993993996e+01 1.063950826027614122e-01
4.004004004004004003e+01 9.695192688459423891e-02
4.014014014014014009e+01 8.663460484214649537e-02
4.024024024024024015e+01 7.555485828876480625e-02
4.034034034034034022e+01 6.383093011541629558e-02
4.044044044044044028e+01 5.158631869406858639e-02
4.054054054054054035e+01 3.894849220287976282e-02
4.064064064064064041e+01 2.604757611190984187e-02
4.074074074074074048e+01 1.301502720424301505e-02
4.084084084084084054e+01 -1.769249134021643380e-05
4.094094094094094061e+01 -1.292042861234534920e-02
4.104104104104104067e+01 -2.556562123869182690e-02
4.114114114114114074e+01 -3.782955294277309116e-02
4.124124124124124080e+01 -4.959354603537672462e-02
4.134134134134134086e+01 -6.074509755705224945e-02
4.144144144144144093e+01 -7.117894130027295485e-02
4.154154154154154099e+01 -8.079802698317171961e-02
4.164164164164164106e+01 -8.951440762140337737e-02
4.174174174174174112e+01 -9.725002715065235448e-02
4.184184184184184119e+01 -1.039374014276197300e-01
4.194194194194194125e+01 -1.095201868705584503e-01
4.204204204204204132e+01 -1.139536321796852103e-01
4.214214214214214138e+01 -1.172049097908477999e-01
4.224224224224224145e+01 -1.192533249502161913e-01
4.234234234234234151e+01 -1.200904015409542669e-01
4.244244244244244157e+01 -1.197198450323145452e-01
4.254254254254254164e+01 -1.181573841450391238e-01
4.264264264264264170e+01 -1.154304940222869308e-01
4.274274274274274887e+01 -1.115780048508845101e-01
4.284284284284284894e+01 -1.066496009823720559e-01
4.294294294294294900e+01 -1.007052166465521731e-01
4.304304304304304907e+01 -9.381433532226553240e-02
4.314314314314314913e+01 -8.605520072188006797e-02
4.324324324324324920e+01 -7.751394814941818534e-02
4.334334334334334926e+01 -6.828366570019181458e-02
4.344344344344344933e+01 -5.846339537616086768e-02
4.354354354354354939e+01 -4.815708469092783162e-02
4.364364364364364945e+01 -3.747249972740587798e-02
4.374374374374374952e+01 -2.652011088696125396e-02
4.384384384384384958e+01 -1.541196272961162239e-02
4.394394394394394965e+01 -4.260539350197435106e-03
4.404404404404404971e+01 6.822363333968474094e-03
4.414414414414414978e+01 1.772674719079066555e-02
4.424424424424424984e+01 2.834549247552727372e-02
4.434434434434434991e+01 3.857539892472024168e-02
4.444444444444444997e+01 4.831817733842748430e-02
4.454454454454455004e+01 5.748138224135441315e-02
4.464464464464465010e+01 6.597927689562237130e-02
4.474474474474475016e+01 7.373362270041360078e-02
4.484484484484485023e+01 8.067438584818049929e-02
4.494494494494495029e+01 8.674035500445155533e-02
4.504504504504505036e+01 9.187966472891985481e-02
4.514514514514515042e+01 9.605022034943705433e-02
4.524524524524525049e+01 9.922002102739924112e-02
4.534534534534535055e+01 1.013673788022189937e-01
4.544544544544545062e+01 1.024810324634287950e-01
4.554554554554555068e+01 1.025601561607445283e-01
4.564564564564565075e+01 1.016142637145214106e-01
4.574574574574575081e+01 9.966301062104888919e-02
4.584584584584585087e+01 9.673589674894690627e-02
4.594594594594595094e+01 9.287187368484241257e-02
4.604604604604605100e+01 8.811886159931123230e-02
4.614614614614615107e+01 8.253318135914103348e-02
4.624624624624625113e+01 7.617890840134035335e-02
4.634634634634635120e+01 6.912715560075993748e-02
4.644644644644645126e+01 6.145529300027507968e-02
4.654654654654655133e+01 5.324611282463159734e-02
4.664664664664665139e+01 4.458694866161350828e-02
4.674674674674675146e+01 3.556875806342177371e-02
4.684684684684685152e+01 2.628517809430198221e-02
4.694694694694695158e+01 1.683156352575387524e-02
4.704704704704705165e+01 7.304017457321349514e-03
4.714714714714715171e+01 -2.201575880785002978e-03
4.724724724724725178e+01 -1.159050650594322350e-02
4.734734734734735184e+01 -2.077017281898442536e-02
4.744744744744745191e+01 -2.965098538039364490e-02
4.754754754754755197e+01 -3.814723160357308407e-02
4.764764764764765204e+01 -4.617789311908426092e-02
4.774774774774775210e+01 -5.366740811857349802e-02
4.784784784784785217e+01 -6.054637161315760269e-02
4.794794794794795223e+01 -6.675216723144025699e-02
4.804804804804805229e+01 -7.222952492951091596e-02
4.814814814814815236e+01 -7.693099978121721583e-02
4.824824824824825242e+01 -8.081736785326681938e-02
4.834834834834835249e+01 -8.385793603755069270e-02
4.844844844844845255e+01 -8.603076360350661589e-02
4.854854854854855262e+01 -8.732279413724126915e-02
4.864864864864865268e+01 -8.772989744234183096e-02
4.874874874874875275e+01 -8.725682188071806622e-02
4.884884884884885281e+01 -8.591705852145269107e-02
4.894894894894895288e+01 -8.373261933275119584e-02
4.904904904904905294e+01 -8.073373248823813297e-02
4.914914914914915300e+01 -7.695845865600441094e-02
4.924924924924925307e+01 -7.245223288939378614e-02
4.934934934934935313e+01 -6.726733743549816180e-02
4.944944944944945320e+01 -6.146231141428177419e-02
4.954954954954955326e+01 -5.510130389241020554e-02
4.964964964964965333e+01 -4.825337737617570177e-02
4.974974974974975339e+01 -4.099176917309138579e-02
4.984984984984985346e+01 -3.339311841827764804e-02
4.994994994994995352e+01 -2.553666682700653223e-02
5.005005005005005358e+01 -1.750344141686456176e-02
5.015015015015015365e+01 -9.375427540951157546e-03
5.025025025025025371e+01 -1.234740587208809368e-03
5.035035035035035378e+01 6.837195370915627110e-03
5.045045045045045384e+01 1.476045383922050536e-02
5.055055055055055391e+01 2.245738918130354630e-02
5.065065065065065397e+01 2.985338931756913519e-02
5.075075075075075404e+01 3.687759063235340057e-02
5.085085085085085410e+01 4.346354832608011198e-02
5.095095095095095417e+01 4.954985596167411216e-02
5.105105105105105423e+01 5.508070852409423235e-02
5.115115115115115429e+01 6.000640393254463162e-02
5.125125125125125436e+01 6.428377860997473714e-02
5.135135135135135442e+01 6.787657341680046474e-02
5.145145145145145449e+01 7.075572698798787696e-02
5.155155155155155455e+01 7.289959426712473711e-02
5.165165165165165462e+01 7.429408880010973659e-02
5.175175175175175468e+01 7.493274812678830943e-02
5.185185185185185475e+01 7.481672238344437564e-02
5.195195195195195481e+01 7.395468699479648689e-02
5.205205205205205488e+01 7.236268108348360706e-02
5.215215215215215494e+01 7.006387395064077317e-02
5.225225225225225500e+01 6.708826267604942051e-02
5.235235235235235507e+01 6.347230454386514065e-02
5.245245245245245513e+01 5.925848861388527400e-02
5.255255255255255520e+01 5.449485132302137047e-02
5.265265265265265526e+01 4.923444151193794721e-02
5.275275275275275533e+01 4.353474072315592636e-02
5.285285285285285539e+01 3.745704500537613141e-02
5.295295295295295546e+01 3.106581478110145844e-02
5.305305305305305552e+01 2.442799958826698259e-02
5.315315315315315559e+01 1.761234468967525987e-02
5.325325325325325565e+01 1.068868665545473495e-02
5.335335335335335571e+01 3.727245063112370922e-03
5.345345345345345578e+01 -3.202082572636424148e-03
5.355355355355355584e+01 -1.003041563117018815e-02
5.365365365365365591e+01 -1.669056814136817696e-02
5.375375375375375597e+01 -2.311770286272129410e-02
5.385385385385385604e+01 -2.924995539589334351e-02
5.395395395395395610e+01 -3.502902238849420202e-02
5.405405405405405617e+01 -4.040070831949878205e-02
5.415415415415415623e+01 -4.531542581435024641e-02
5.425425425425425630e+01 -4.972864495713448518e-02
5.435435435435435636e+01 -5.360128762071451197e-02
5.445445445445445642e+01 -5.690006342442962411e-02
5.455455455455455649e+01 -5.959774454567559610e-02
5.465465465465465655e+01 -6.167337724995011761e-02
5.475475475475475662e+01 -6.311242865718515171e-02
5.485485485485485668e+01 -6.390686792371975955e-02
5.495495495495495675e+01 -6.405518168240599552e-02
5.505505505505505681e+01 -6.356232424144797610e-02
5.515515515515515688e+01 -6.243960368912629399e-02
5.525525525525525694e+01 -6.070450568021808907e-02
5.535535535535535701e+01 -5.838045728458336053e-02
5.545545545545545707e+01 -5.549653385325465510e-02
5.555555555555555713e+01 -5.208711239699372053e-02
5.565565565565565720e+01 -4.819147547162720008e-02
5.575575575575575726e+01 -4.385337001895979470e-02
5.585585585585585733e+01 -3.912052601759338083e-02
5.595595595595595739e+01 -3.404414015099411356e-02
5.605605605605605746e+01 -2.867832999764303309e-02
5.615615615615615752e+01 -2.307956448766123117e-02
5.625625625625625759e+01 -1.730607655010396248e-02
5.635635635635635765e+01 -1.141726399396690052e-02
5.645645645645645772e+01 -5.473084723264303939e-03
5.655655655655655778e+01 4.665476176380006844e-04
5.665665665665665784e+01 6.342361537267104422e-03
5.675675675675675791e+01 1.209631322229583021e-02
5.685685685685685797e+01 1.767215397057890144e-02
5.695695695695695804e+01 2.301597404544110381e-02
5.705705705705705810e+01 2.807671775480402587e-02
5.715715715715715817e+01 3.280666489786093765e-02
5.725725725725725823e+01 3.716187410626241999e-02
5.735735735735735830e+01 4.110258403187177362e-02
5.745745745745745836e+01 4.459356879443675953e-02
5.755755755755755843e+01 4.760444459503591907e-02
5.765765765765765849e+01 5.010992491966387297e-02
5.775775775775775855e+01 5.209002229638341752e-02
5.785785785785785862e+01 5.353019512350577075e-02
5.795795795795795868e+01 5.442143864957985772e-02
5.805805805805805875e+01 5.476031975286177467e-02
5.815815815815815881e+01 5.454895573269673975e-02
5.825825825825825888e+01 5.379493788226153567e-02
5.835835835835835894e+01 5.251120115589812121e-02
5.845845845845845901e+01 5.071584176952190909e-02
5.855855855855855907e+01 4.843188507424829592e-02
5.865865865865865914e+01 4.568700651667519097e-02
5.875875875875875920e+01 4.251320893974221138e-02
5.885885885885885926e+01 3.894645988168751738e-02
5.895895895895895933e+01 3.502629289367756305e-02
5.905905905905905939e+01 3.079537721597079558e-02
5.915915915915915946e+01 2.629906042524238555e-02
5.925925925925925952e+01 2.158488888968095737e-02
5.935935935935935959e+01 1.670211104192063228e-02
5.945945945945945965e+01 1.170116860156251472e-02
5.955955955955955972e+01 6.633180948269728171e-03
5.965965965965965978e+01 1.549427863020675679e-03
5.975975975975975985e+01 -3.499164180566059854e-03
5.985985985985986702e+01 -8.462527079987295503e-03
5.995995995995996708e+01 -1.329194256491964161e-02
6.006006006006006714e+01 -1.794051528305282833e-02
6.016016016016016721e+01 -2.236362296918097819e-02
6.026026026026026727e+01 -2.651933943014730607e-02
6.036036036036036734e+01 -3.036882639221170216e-02
6.046046046046046740e+01 -3.387669060774797791e-02
6.056056056056056747e+01 -3.701130300100612114e-02
6.066066066066066753e+01 -3.974507704384969142e-02
6.076076076076076760e+01 -4.205470398751164768e-02
6.086086086086086766e+01 -4.392134303091858871e-02
6.096096096096096772e+01 -4.533076497528226723e-02
6.106106106106106779e+01 -4.627344839361648143e-02
6.116116116116116785e+01 -4.674462782772723785e-02
6.126126126126126792e+01 -4.674429400916160771e-02
6.136136136136136798e+01 -4.627714657975402074e-02
6.146146146146146805e+01 -4.535250025703868593e-02
6.156156156156156811e+01 -4.398414584531049054e-02
6.166166166166166818e+01 -4.219016793010275934e-02
6.176176176176176824e+01 -3.999272150813257959e-02
6.186186186186186831e+01 -3.741777019242830543e-02
6.196196196196196837e+01 -3.449478898979647240e-02
6.206206206206206843e+01 -3.125643497173495600e-02
6.216216216216216850e+01 -2.773818944745683537e-02
6.226226226226226856e+01 -2.397797549634350309e-02
6.236236236236236863e+01 -2.001575492480276233e-02
6.246246246246246869e+01 -1.589310887749992990e-02
6.256256256256256876e+01 -1.165280645403711512e-02
6.266266266266266882e+01 -7.338365758603149387e-03
6.276276276276276889e+01 -2.993611841587569787e-03
6.286286286286286895e+01 1.337764021221357971e-03
6.296296296296296902e+01 5.612639323871198953e-03
6.306306306306306908e+01 9.788885312812698261e-03
6.316316316316316914e+01 1.382577781239261241e-02
6.326326326326326921e+01 1.768438993152443572e-02
6.336336336336336927e+01 2.132796291019437365e-02
6.346346346346346934e+01 2.472225162003279658e-02
6.356356356356356940e+01 2.783584152101991130e-02
6.366366366366366947e+01 3.064043419330240645e-02
6.376376376376376953e+01 3.311109890562102115e-02
6.386386386386386960e+01 3.522648804631186431e-02
6.396396396396396966e+01 3.696901462538795119e-02
6.406406406406406973e+01 3.832499045283228184e-02
6.416416416416416268e+01 3.928472400483797033e-02
6.426426426426426985e+01 3.984257740215496613e-02
6.436436436436436281e+01 3.999698233876873565e-02
6.446446446446446998e+01 3.975041521069676287e-02
6.456456456456456294e+01 3.910933209965022223e-02
6.466466466466467011e+01 3.808406466070276414e-02
6.476476476476476307e+01 3.668867834309543635e-02
6.486486486486487024e+01 3.494079473523314938e-02
6.496496496496496320e+01 3.286138016537380052e-02
6.506506506506507037e+01 3.047450300526173897e-02
6.516516516516516333e+01 2.780706241214808694e-02
6.526526526526527050e+01 2.488849150261118748e-02
6.536536536536536346e+01 2.175043817713623664e-02
6.546546546546547063e+01 1.842642700552162352e-02
6.556556556556556359e+01 1.495150573837885494e-02
6.566566566566567076e+01 1.136188012798818904e-02
6.576576576576576372e+01 7.694540821865568370e-03
6.586586586586587089e+01 3.986886134049295351e-03
6.596596596596596385e+01 2.763445024160416405e-04
6.606606606606607102e+01 -3.399999594492330700e-03
6.616616616616616398e+01 -7.005772559749548316e-03
6.626626626626627115e+01 -1.050566784646400978e-02
6.636636636636636410e+01 -1.386578792251466456e-02
6.646646646646647127e+01 -1.705396875802184589e-02
6.656656656656656423e+01 -2.004008376908319664e-02
6.666666666666667140e+01 -2.279632438703989641e-02
6.676676676676676436e+01 -2.529745468413533566e-02
6.686686686686687153e+01 -2.752103777113311042e-02
6.696696696696696449e+01 -2.944763198709139315e-02
6.706706706706707166e+01 -3.106095522290680880e-02
6.716716716716716462e+01 -3.234801605497329702e-02
6.726726726726727179e+01 -3.329921070995783827e-02
6.736736736736736475e+01 -3.390838523266136856e-02
6.746746746746747192e+01 -3.417286258270452876e-02
6.756756756756756488e+01 -3.409343473874162228e-02
6.766766766766767205e+01 -3.367432023758526460e-02
6.776776776776776501e+01 -3.292308791655169931e-02
6.786786786786787218e+01 -3.185054795720006215e-02
6.796796796796796514e+01 -3.047061164425180976e-02
6.806806806806807231e+01 -2.880012155181849859e-02
6.816816816816816527e+01 -2.685865414735286519e-02
6.826826826826827244e+01 -2.466829705935534231e-02
6.836836836836837961e+01 -2.225340348553427050e-02
6.846846846846847257e+01 -1.964032642172574075e-02
6.856856856856857974e+01 -1.685713556671356375e-02
6.866866866866867269e+01 -1.393331990266333774e-02
6.876876876876877986e+01 -1.089947906404607932e-02
6.886886886886887282e+01 -7.787006688908095463e-03
6.896896896896897999e+01 -4.627768994577562654e-03
6.906906906906907295e+01 -1.453781835324511077e-03
6.916916916916918012e+01 1.703110517821184670e-03
6.926926926926927308e+01 4.811551684332597383e-03
6.936936936936938025e+01 7.840981458639892029e-03
6.946946946946947321e+01 1.076193307295354382e-02
6.956956956956958038e+01 1.354631657959962099e-02
6.966966966966967334e+01 1.616768566107588956e-02
6.976976976976978051e+01 1.860148536837581690e-02
6.986986986986987347e+01 2.082527850345806952e-02
6.996996996996998064e+01 2.281894859778665907e-02
7.007007007007007360e+01 2.456487769296820944e-02
7.017017017017018077e+01 2.604809739904431071e-02
7.027027027027027373e+01 2.725641198802618986e-02
7.037037037037038090e+01 2.818049257192433918e-02
7.047047047047047386e+01 2.881394171274746091e-02
7.057057057057058103e+01 2.915332811374185193e-02
7.067067067067067399e+01 2.919819134341184591e-02
7.077077077077078116e+01 2.895101684362358374e-02
7.087087087087087411e+01 2.841718176734706752e-02
7.097097097097098128e+01 2.760487247747361525e-02
7.107107107107107424e+01 2.652497481287395195e-02
7.117117117117118141e+01 2.519093848880547132e-02
7.127127127127127437e+01 2.361861724347546002e-02
7.137137137137138154e+01 2.182608656871981578e-02
7.147147147147147450e+01 1.983344106831879186e-02
7.157157157157158167e+01 1.766257367055668395e-02
7.167167167167167463e+01 1.533693908068361166e-02
7.177177177177178180e+01 1.288130399255028348e-02
7.187187187187187476e+01 1.032148668584315088e-02
7.197197197197198193e+01 7.684088715170420657e-03
7.207207207207207489e+01 4.996221449291331045e-03
7.217217217217218206e+01 2.285230242715865709e-03
7.227227227227227502e+01 -4.215809821415584147e-04
7.237237237237238219e+01 -3.097221995865477150e-03
7.247247247247247515e+01 -5.715282678468274098e-03
7.257257257257258232e+01 -8.250190988971681585e-03
7.267267267267267528e+01 -1.067745999601906436e-02
7.277277277277278245e+01 -1.297392161148539988e-02
7.287287287287287540e+01 -1.511794482530671481e-02
7.297297297297298257e+01 -1.708963641648340859e-02
7.307307307307307553e+01 -1.887102231036350691e-02
7.317317317317318270e+01 -2.044620796383614728e-02
7.327327327327327566e+01 -2.180151638560581459e-02
7.337337337337338283e+01 -2.292560263595749132e-02
7.347347347347347579e+01 -2.380954389680718999e-02
7.357357357357358296e+01 -2.444690445587189079e-02
7.367367367367367592e+01 -2.483377520583918141e-02
7.377377377377378309e+01 -2.496878751791101886e-02
7.387387387387387605e+01 -2.485310160640168478e-02
7.397397397397398322e+01 -2.449036975466150484e-02
7.407407407407407618e+01 -2.388667501995658457e-02
7.417417417417418335e+01 -2.305044627366637303e-02
7.427427427427427631e+01 -2.199235066096244182e-02
7.437437437437438348e+01 -2.072516477883303704e-02
7.447447447447447644e+01 -1.926362607091804471e-02
7.457457457457458361e+01 -1.762426612025378217e-02
7.467467467467467657e+01 -1.582522768507098679e-02
7.477477477477478374e+01 -1.388606746675209724e-02
7.487487487487487670e+01 -1.182754672174257497e-02
7.497497497497498387e+01 -9.671411929560549611e-03
7.507507507507507682e+01 -7.440167806337667777e-03
7.517517517517518399e+01 -5.156845006946141757e-03
7.527527527527527695e+01 -2.844764888491231169e-03
7.537537537537538412e+01 -5.273037136431554372e-04
7.547547547547547708e+01 1.772341345793348360e-03
7.557557557557558425e+01 4.031382086182016405e-03
7.567567567567567721e+01 6.227662775552582353e-03
7.577577577577578438e+01 8.339875114744944515e-03
7.587587587587587734e+01 1.034776259453962580e-02
7.597597597597598451e+01 1.223231231356674414e-02
7.607607607607607747e+01 1.397593246626521908e-02
7.617617617617618464e+01 1.556261387112616544e-02
7.627627627627627760e+01 1.697807408505254412e-02
7.637637637637638477e+01 1.820988283807317698e-02
7.647647647647647773e+01 1.924756772178710593e-02
7.657657657657658490e+01 2.008269927275027969e-02
7.667667667667667786e+01 2.070895480633219710e-02
7.677677677677678503e+01 2.112216057521083476e-02
7.687687687687687799e+01 2.132031204736958493e-02
7.697697697697698516e+01 2.130357231902246795e-02
7.707707707707707812e+01 2.107424889609261359e-02
7.717717717717718529e+01 2.063674929157050669e-02
7.727727727727727824e+01 1.999751609317880832e-02
7.737737737737738541e+01 1.916494235427431900e-02
7.747747747747747837e+01 1.814926834892850380e-02
7.757757757757758554e+01 1.696246090786492772e-02
7.767767767767767850e+01 1.561807671377753864e-02
7.777777777777778567e+01 1.413111108100758261e-02
7.787787787787787863e+01 1.251783387433897179e-02
7.797797797797798580e+01 1.079561433361649406e-02
7.807807807807807876e+01 8.982736664099943286e-03
7.817817817817818593e+01 7.098208326147961017e-03
7.827827827827827889e+01 5.161563011490108432e-03
7.837837837837838606e+01 3.192660326599937575e-03
7.847847847847847902e+01 1.211484216458470157e-03
7.857857857857858619e+01 -7.620578456918151999e-04
7.867867867867867915e+01 -2.708332904809894470e-03
7.877877877877878632e+01 -4.608175856459949780e-03
7.887887887887887928e+01 -6.443076181364616739e-03
7.897897897897898645e+01 -8.195356282986806726e-03
7.907907907907907941e+01 -9.848339730778496101e-03
7.917917917917918658e+01 -1.138650782946578656e-02
7.927927927927927954e+01 -1.279564306703975460e-02
7.937937937937938671e+01 -1.406295813959094164e-02
7.947947947947947966e+01 -1.517720940811567373e-02
7.957957957957958683e+01 -1.612879380931090192e-02
7.967967967967967979e+01 -1.690982841734101766e-02
7.977977977977978696e+01 -1.751421203482747893e-02
7.987987987987987992e+01 -1.793766837696180241e-02
7.997997997997998709e+01 -1.817777060081700660e-02
8.008008008008008005e+01 -1.823394712069293169e-02
8.018018018018018722e+01 -1.810746883781476010e-02
8.028028028028028018e+01 -1.780141809702973088e-02
8.038038038038038735e+01 -1.732063986252043927e-02
8.048048048048048031e+01 -1.667167577722390714e-02
8.058058058058058748e+01 -1.586268193495774664e-02
8.068068068068068044e+01 -1.490333134865541240e-02
8.078078078078078761e+01 -1.380470224114741483e-02
8.088088088088088057e+01 -1.257915341529650642e-02
8.098098098098098774e+01 -1.124018807680300484e-02
8.108108108108108070e+01 -9.802307584645486224e-03
8.118118118118118787e+01 -8.280856690010140672e-03
8.128128128128128083e+01 -6.691861894027942292e-03
8.138138138138138800e+01 -5.051864607108554062e-03
8.148148148148148096e+01 -3.377750827826381773e-03
8.158158158158158813e+01 -1.686579076947531796e-03
8.168168168168168108e+01 4.591677660778895368e-06
8.178178178178178825e+01 1.678872386708487154e-03
8.188188188188188121e+01 3.319710891391762075e-03
8.198198198198198838e+01 4.911053867859662032e-03
8.208208208208208134e+01 6.437502177028677636e-03
8.218218218218218851e+01 7.884458134018121692e-03
8.228228228228228147e+01 9.238263306958238372e-03
8.238238238238238864e+01 1.048632556336348901e-02
8.248248248248248160e+01 1.161723420239715691e-02
8.258258258258258877e+01 1.262086214191815957e-02
8.268268268268268173e+01 1.348845426873765234e-02
8.278278278278278890e+01 1.421270120758687423e-02
8.288288288288288186e+01 1.478779791732042631e-02
8.298298298298298903e+01 1.520948668030380410e-02
8.308308308308308199e+01 1.547508421110851615e-02
8.318318318318318916e+01 1.558349277196669457e-02
8.328328328328328212e+01 1.553519534327120477e-02
8.338338338338338929e+01 1.533223505616608529e-02
8.348348348348348225e+01 1.497817924937585969e-02
8.358358358358358942e+01 1.447806866236807898e-02
8.368368368368368237e+01 1.383835242028076500e-02
8.378378378378378954e+01 1.306680960140872358e-02
8.388388388388388250e+01 1.217245830416412676e-02
8.398398398398398967e+01 1.116545324612761188e-02
8.408408408408408263e+01 1.005697303205243393e-02
8.418418418418418980e+01 8.859098319526210324e-03
8.428428428428428276e+01 7.584682189666307542e-03
8.438438438438438993e+01 6.247214095039623806e-03
8.448448448448448289e+01 4.860678807482049328e-03
8.458458458458459006e+01 3.439411824246286966e-03
8.468468468468468302e+01 1.997952711761275240e-03
8.478478478478479019e+01 5.508978721370743183e-04
8.488488488488488315e+01 -8.872457914658587195e-04
8.498498498498499032e+01 -2.302204858175553592e-03
8.508508508508508328e+01 -3.680079606963036418e-03
8.518518518518519045e+01 -5.007479105628651235e-03
8.528528528528528341e+01 -6.271649873214040806e-03
8.538538538538539058e+01 -7.460596894954115918e-03
8.548548548548549775e+01 -8.563195857403536199e-03
8.558558558558559071e+01 -9.569295570342009963e-03
8.568568568568569788e+01 -1.046980965034914439e-02
8.578578578578579084e+01 -1.125679665739468503e-02
8.588588588588589801e+01 -1.192352799916328657e-02
8.598598598598599096e+01 -1.246454304681071830e-02
8.608608608608609813e+01 -1.287569103911034331e-02
8.618618618618619109e+01 -1.315415948809563022e-02
8.628628628628629826e+01 -1.329848893697086962e-02
8.638638638638639122e+01 -1.330857405883959128e-02
8.648648648648649839e+01 -1.318565122132551483e-02
8.658658658658659135e+01 -1.293227277607374853e-02
8.668668668668669852e+01 -1.255226846211380046e-02
8.678678678678679148e+01 -1.205069443688169643e-02
8.688688688688689865e+01 -1.143377056713639969e-02
8.698698698698699161e+01 -1.070880672295597413e-02
8.708708708708709878e+01 -9.884118920413974968e-03
8.718718718718719174e+01 -8.968936251497370074e-03
8.728728728728729891e+01 -7.973299622476556076e-03
8.738738738738739187e+01 -6.907953393580157711e-03
8.748748748748749904e+01 -5.784231072825807805e-03
8.758758758758759200e+01 -4.613936264763624992e-03
8.768768768768769917e+01 -3.409220110307009319e-03
8.778778778778779213e+01 -2.182456476565381061e-03
8.788788788788789930e+01 -9.461161655138360278e-04
8.798798798798799226e+01 2.873585924936376845e-04
8.808808808808809943e+01 1.505678109825934466e-03
8.818818818818819238e+01 2.696826454527790230e-03
8.828828828828829955e+01 3.849178722094591994e-03
8.838838838838839251e+01 4.951613234170828236e-03
8.848848848848849968e+01 5.993617594221248290e-03
8.858858858858859264e+01 6.965387602218315981e-03
8.868868868868869981e+01 7.857918111653275361e-03
8.878878878878879277e+01 8.663085001768100479e-03
8.888888888888889994e+01 9.373717534880978211e-03
8.898898898898899290e+01 9.983660471962557681e-03
8.908908908908910007e+01 1.048782542815099306e-02
8.918918918918919303e+01 1.088223106250655117e-02
8.928928928928930020e+01 1.116403181186068592e-02
8.938938938938939316e+01 1.133153499590567638e-02
8.948948948948950033e+01 1.138420623852777133e-02
8.958958958958959329e+01 1.132266326761329801e-02
8.968968968968970046e+01 1.114865827099834408e-02
8.978978978978979342e+01 1.086504909874801313e-02
8.988988988988990059e+01 1.047575971044761335e-02
8.998998998998999355e+01 9.985730369624789063e-03
9.009009009009010072e+01 9.400858184809107038e-03
9.019019019019019368e+01 8.727928687172554351e-03
9.029029029029030085e+01 7.974539217332038757e-03
9.039039039039039380e+01 7.149014968004143399e-03
9.049049049049050097e+01 6.260318594106219908e-03
9.059059059059059393e+01 5.317954357064638010e-03
9.069069069069070110e+01 4.331867815039194651e-03
9.079079079079079406e+01 3.312342105185282163e-03
9.089089089089090123e+01 2.269891887681370259e-03
9.099099099099099419e+01 1.215156033954747656e-03
9.109109109109110136e+01 1.587901432893711344e-04
9.119119119119119432e+01 -8.886400370756332564e-04
9.129129129129130149e+01 -1.916763232988727417e-03
9.139139139139139445e+01 -2.915504280266283457e-03
9.149149149149150162e+01 -3.875181792129963297e-03
9.159159159159159458e+01 -4.786600921366149404e-03
9.169169169169170175e+01 -5.641140339689452998e-03
9.179179179179179471e+01 -6.430832623274401749e-03
9.189189189189190188e+01 -7.148437307355536528e-03
9.199199199199199484e+01 -7.787505953341254152e-03
9.209209209209210201e+01 -8.342438658200944032e-03
9.219219219219219497e+01 -8.808531527020976859e-03
9.229229229229230214e+01 -9.182014724649852772e-03
9.239239239239239510e+01 -9.460080820256464365e-03
9.249249249249250227e+01 -9.640903238420595045e-03
9.259259259259259522e+01 -9.723644731030144442e-03
9.269269269269270239e+01 -9.708455884774097253e-03
9.279279279279279535e+01 -9.596463778381992063e-03
9.289289289289290252e+01 -9.389751000994945446e-03
9.299299299299299548e+01 -9.091325337207798937e-03
9.309309309309310265e+01 -8.705080514485813784e-03
9.319319319319319561e+01 -8.235748493976777218e-03
9.329329329329330278e+01 -7.688843865398228665e-03
9.339339339339339574e+01 -7.070600979952316144e-03
9.349349349349350291e+01 -6.387904521424648055e-03
9.359359359359359587e+01 -5.648214274185228700e-03
9.369369369369370304e+01 -4.859484897200252312e-03
9.379379379379379600e+01 -4.030081554984050497e-03
9.389389389389390317e+01 -3.168692289313445026e-03
9.399399399399399613e+01 -2.284238039279834660e-03
9.409409409409410330e+01 -1.385781231692316800e-03
9.419419419419419626e+01 -4.824338689470582904e-04
9.429429429429430343e+01 4.167339627454631811e-04
9.439439439439439639e+01 1.302784255265594009e-03
9.449449449449450356e+01 2.166999023460084318e-03
9.459459459459459651e+01 3.000965176794876885e-03
9.469469469469470368e+01 3.796655500818668129e-03
9.479479479479479664e+01 4.546504978449874765e-03
9.489489489489490381e+01 5.243481735315618647e-03
9.499499499499499677e+01 5.881151954180845708e-03
9.509509509509510394e+01 6.453738170264156603e-03
9.519519519519519690e+01 6.956170431191834209e-03
9.529529529529530407e+01 7.384129881747069149e-03
9.539539539539539703e+01 7.734084413597830908e-03
9.549549549549550420e+01 8.003316103019016831e-03
9.559559559559559716e+01 8.189940244389593352e-03
9.569569569569570433e+01 8.292915873092726251e-03
9.579579579579579729e+01 8.312047757496053221e-03
9.589589589589590446e+01 8.247979925088189113e-03
9.599599599599599742e+01 8.102180871743615287e-03
9.609609609609610459e+01 7.876920684661765579e-03
9.619619619619619755e+01 7.575240387985493137e-03
9.629629629629630472e+01 7.200913894694012211e-03
9.639639639639639768e+01 6.758403018385187103e-03
9.649649649649650485e+01 6.252806063349275988e-03
9.659659659659659781e+01 5.689800570307531301e-03
9.669669669669670498e+01 5.075580847799365108e-03
9.679679679679679793e+01 4.416790965005372785e-03
9.689689689689690510e+01 3.720453920382428125e-03
9.699699699699699806e+01 2.993897731567972571e-03
9.709709709709710523e+01 2.244679215325999944e-03
9.719719719719719819e+01 1.480506241725086268e-03
9.729729729729730536e+01 7.091592541589511597e-04
9.739739739739739832e+01 -6.158715372599047905e-05
9.749749749749750549e+01 -8.240418215858761209e-04
9.759759759759759845e+01 -1.570672999979073458e-03
9.769769769769770562e+01 -2.294181979250684619e-03
9.779779779779779858e+01 -2.987573657789071788e-03
9.789789789789790575e+01 -3.644223375404275628e-03
9.799799799799799871e+01 -4.257939381586089631e-03
9.809809809809810588e+01 -4.823020358275738849e-03
9.819819819819819884e+01 -5.334307471948383957e-03
9.829829829829830601e+01 -5.787230489673819700e-03
9.839839839839839897e+01 -6.177847557733199234e-03
9.849849849849850614e+01 -6.502878308661892183e-03
9.859859859859859910e+01 -6.759730032538954422e-03
9.869869869869870627e+01 -6.946516720242996989e-03
9.879879879879879923e+01 -7.062070859491427835e-03
9.889889889889890640e+01 -7.105947938044436876e-03
9.899899899899899935e+01 -7.078423681738546178e-03
9.909909909909910652e+01 -6.980484127294372433e-03
9.919919919919919948e+01 -6.813808700403788977e-03
9.929929929929930665e+01 -6.580746537756606770e-03
9.939939939939939961e+01 -6.284286356760956753e-03
9.949949949949950678e+01 -5.928020238121145188e-03
9.959959959959959974e+01 -5.516101743591864115e-03
9.969969969969970691e+01 -5.053198843590835272e-03
9.979979979979979987e+01 -4.544442176459394939e-03
9.989989989989990704e+01 -3.995369202580589807e-03
1.000000000000000000e+02 -3.411864851955487624e-03
